19980101.000000     0.4982E-01   0.0000E+00   0.1150E+03   0.1189E+03  -0.9000E+01   0.7360E+00  -0.9674E+00   0.1751E+01   0.0000E+00  
19980102.000000     0.5001E+00   0.2597E+00   0.1550E+03   0.1654E+03   0.1351E+02   0.6344E+01  -0.9178E+00  -0.3689E-01   0.1416E-05  
19980103.000000     0.9881E+00   0.6310E+00   0.1350E+03   0.1282E+03   0.1001E+02   0.8005E+01  -0.9647E+00  -0.1491E+01   0.5692E-05  
19980104.000000     0.2022E+01   0.1671E+01   0.4500E+02   0.8043E+02   0.2000E+02   0.1107E+02   0.3289E-01  -0.1399E+01   0.5719E-04  
19980105.000000     0.2518E+01   0.2110E+01   0.4500E+02   0.7501E+02   0.2000E+02   0.1135E+02  -0.5102E+00   0.8256E+00   0.1031E-03  
19980106.000000     0.2952E+01   0.2581E+01   0.5500E+02   0.6231E+02   0.2000E+02   0.1200E+02  -0.7375E+00  -0.1073E+00   0.1559E-03  
19980107.000000     0.3385E+01   0.3066E+01   0.5500E+02   0.5891E+02   0.2000E+02   0.1278E+02   0.3287E+00  -0.2822E+00   0.2218E-03  
19980108.000000     0.3280E+01   0.2910E+01   0.5500E+02   0.6096E+02   0.2000E+02   0.1209E+02  -0.5873E+00  -0.1848E+01   0.1953E-03  
19980109.000000     0.2841E+01   0.2355E+01   0.5500E+02   0.6229E+02   0.2000E+02   0.1051E+02   0.1675E+01  -0.7571E+00   0.1192E-03  
19980110.000000     0.2260E+01   0.1639E+01   0.4500E+02   0.6547E+02   0.2000E+02   0.8604E+01   0.1162E+01  -0.2438E+00   0.5413E-04  
19980111.000000     0.2212E+01   0.1626E+01   0.4500E+02   0.6802E+02   0.2000E+02   0.8565E+01   0.8149E+00   0.2156E-01   0.6209E-04  
19980112.000000     0.2610E+01   0.2076E+01   0.4500E+02   0.7036E+02   0.2000E+02   0.9691E+01   0.4082E+00  -0.5580E+00   0.1010E-03  
19980113.000000     0.2870E+01   0.2273E+01   0.4500E+02   0.6480E+02   0.2000E+02   0.1002E+02   0.1363E+01  -0.9000E+00   0.1128E-03  
19980114.000000     0.2808E+01   0.2113E+01   0.4500E+02   0.6637E+02   0.2000E+02   0.9458E+01   0.1633E+01   0.5311E+00   0.9239E-04  
19980115.000000     0.2461E+01   0.1702E+01   0.4500E+02   0.6593E+02   0.2000E+02   0.8360E+01   0.2620E+00   0.9513E+00   0.5767E-04  
19980116.000000     0.2182E+01   0.1338E+01   0.4500E+02   0.6419E+02   0.9690E+01   0.7483E+01   0.5687E+00  -0.7696E+00   0.3536E-04  
19980117.000000     0.2472E+01   0.1848E+01   0.4500E+02   0.6050E+02   0.2000E+02   0.8906E+01   0.1430E+01  -0.5309E+00   0.7178E-04  
19980118.000000     0.3178E+01   0.2593E+01   0.5500E+02   0.6557E+02   0.2000E+02   0.1018E+02  -0.2344E+00   0.1384E+01   0.1436E-03  
19980119.000000     0.3037E+01   0.2409E+01   0.4500E+02   0.6340E+02   0.2000E+02   0.9841E+01  -0.2753E+00   0.5000E+00   0.1230E-03  
19980120.000000     0.2636E+01   0.1893E+01   0.4500E+02   0.7495E+02   0.2000E+02   0.8512E+01   0.9813E+00  -0.1230E+01   0.6633E-04  
