20000101.000000     0.3240E+00   0.0000E+00   0.2250E+03   0.2250E+03   0.1972E+01   0.1590E+01  -0.7071E+01  -0.7071E+01  
20000101.010000     0.3527E+00   0.7920E-03   0.2250E+03   0.2246E+03   0.1993E+01   0.1689E+01  -0.7071E+01  -0.7071E+01  
20000101.020000     0.3768E+00   0.3067E-02   0.2250E+03   0.2240E+03   0.2622E+01   0.1786E+01  -0.7071E+01  -0.7071E+01  
20000101.030000     0.4027E+00   0.8455E-02   0.2250E+03   0.2231E+03   0.2633E+01   0.1882E+01  -0.7071E+01  -0.7071E+01  
20000101.040000     0.4304E+00   0.1918E-01   0.2250E+03   0.2217E+03   0.2643E+01   0.1982E+01  -0.7071E+01  -0.7071E+01  
20000101.050000     0.4629E+00   0.3798E-01   0.2250E+03   0.2200E+03   0.2661E+01   0.2086E+01  -0.7071E+01  -0.7071E+01  
20000101.060000     0.4911E+00   0.6788E-01   0.2250E+03   0.2176E+03   0.2685E+01   0.2214E+01  -0.7071E+01  -0.7071E+01  
20000101.070000     0.5328E+00   0.1118E+00   0.2150E+03   0.2138E+03   0.2715E+01   0.2371E+01  -0.7071E+01  -0.7071E+01  
20000101.080000     0.5830E+00   0.1723E+00   0.2150E+03   0.2072E+03   0.2771E+01   0.2585E+01  -0.7071E+01  -0.7071E+01  
20000101.090000     0.6458E+00   0.2510E+00   0.2050E+03   0.1978E+03   0.1421E+02   0.2844E+01  -0.7071E+01  -0.7071E+01  
20000101.100000     0.7188E+00   0.3483E+00   0.2050E+03   0.1859E+03   0.1388E+02   0.3185E+01  -0.7071E+01  -0.7071E+01  
20000101.110000     0.8046E+00   0.4637E+00   0.1050E+03   0.1720E+03   0.1359E+02   0.3628E+01  -0.7071E+01  -0.7071E+01  
20000101.120000     0.9008E+00   0.5955E+00   0.1050E+03   0.1574E+03   0.1330E+02   0.4181E+01  -0.7071E+01  -0.7071E+01  
20000101.130000     0.1014E+01   0.7404E+00   0.1050E+03   0.1445E+03   0.1296E+02   0.4804E+01  -0.7071E+01  -0.7071E+01  
20000101.140000     0.1139E+01   0.8947E+00   0.1050E+03   0.1342E+03   0.1265E+02   0.5481E+01  -0.7071E+01  -0.7071E+01  
20000101.150000     0.1281E+01   0.1054E+01   0.1050E+03   0.1273E+03   0.1251E+02   0.6103E+01  -0.7071E+01  -0.7071E+01  
20000101.160000     0.1428E+01   0.1214E+01   0.1050E+03   0.1224E+03   0.1241E+02   0.6648E+01  -0.7071E+01  -0.7071E+01  
20000101.170000     0.1577E+01   0.1369E+01   0.1050E+03   0.1187E+03   0.1233E+02   0.7107E+01  -0.7071E+01  -0.7071E+01  
20000101.180000     0.1725E+01   0.1516E+01   0.1050E+03   0.1160E+03   0.1227E+02   0.7443E+01  -0.7071E+01  -0.7071E+01  
20000101.190000     0.1867E+01   0.1651E+01   0.1050E+03   0.1140E+03   0.1223E+02   0.7699E+01  -0.7071E+01  -0.7071E+01  
20000101.200000     0.1998E+01   0.1772E+01   0.1050E+03   0.1124E+03   0.1219E+02   0.7906E+01  -0.7071E+01  -0.7071E+01  
20000101.210000     0.2118E+01   0.1877E+01   0.1050E+03   0.1108E+03   0.1216E+02   0.8062E+01  -0.7071E+01  -0.7071E+01  
20000101.220000     0.2227E+01   0.1966E+01   0.1050E+03   0.1094E+03   0.1213E+02   0.8165E+01  -0.7071E+01  -0.7071E+01  
20000101.230000     0.2322E+01   0.2038E+01   0.1050E+03   0.1081E+03   0.1211E+02   0.8238E+01  -0.7071E+01  -0.7071E+01  
20000102.000000     0.2407E+01   0.2096E+01   0.1050E+03   0.1069E+03   0.1210E+02   0.8289E+01  -0.7071E+01  -0.7071E+01  
